19.999999 19.999995 1.015218
101.999997 19.999990 0.940998
183.999991 20.000003 0.973334
265.999989 20.000004 1.093900
347.999992 20.000006 0.794201
429.999990 20.000001 0.640656
429.999994 93.999994 3.985804
348.000005 94.000000 3.988227
265.999996 94.000010 3.993352
184.000010 94.000001 4.236394
102.000009 93.999994 4.364828
20.000010 93.999988 4.844519
20.000000 167.999991 8.010479
101.999999 167.999990 7.594476
183.999995 167.999996 7.178102
265.999987 167.999993 6.631835
347.999995 167.999999 6.917512
429.999989 167.999998 30
429.999990 241.999997 11.382169
348.000004 241.999991 11.141767
265.999993 242.000002 11.128586
184.000007 241.999988 11.254089
101.999989 242.000010 11.627752
20.000001 241.999997 12.224367
20.000006 316.000046 16.423072
101.999996 315.999999 16.523744
183.999994 315.999991 16.606049
266.000005 316.000014 16.180077
348.000002 316.000013 16.094851
430.000003 316.000009 16.384721
430.000008 390.000075 20.558275
347.999983 390.000005 20.374652
265.999981 389.999991 20.364959
183.999994 390.000001 20.323524
101.999988 390.000000 20.566849
19.999982 390.000010 20.523694
